Character to attribute mapping:
  N: ?
  A: Austria
  B: France
  C: Kenya
  D: Malawi
  E: Mozambique
  F: Netherlands
  G: Philippines
  H: Reunion
  I: Singapore
  J: South Africa
  K: Spain
  L: Sweden
  M: Turkey


Substitution rate (mu): 0.011158

Equilibrium frequencies (pi_i):
  A: 0.0564
  B: 0.108
  C: 0.0713
  D: 0.0604
  E: 0.0648
  F: 0.052
  G: 0.0682
  H: 0.0528
  I: 0.0676
  J: 0.1572
  K: 0.1181
  L: 0.0551
  M: 0.0682

Symmetrized rates from j->i (W_ij):
	A	B	C	D	E	F	G	H	I	J	K	L	M
  A	0	0.7668	1.8591	2.1761	2.0426	3.0048	1.9547	2.9369	1.9761	0.5348	0.7775	2.5048	1.9547
  B	0.7668	0	0.5836	0.6582	0.6185	0.8954	0.6205	0.862	0.6497	0.3466	0.3358	0.7379	0.6205
  C	1.8591	0.5836	0	1.6225	1.5131	2.0106	1.4346	2.0165	1.4577	0.4304	0.5758	1.878	1.4346
  D	2.1761	0.6582	1.6225	0	2.0022	2.3522	1.7577	2.3646	1.7332	0.5842	0.6927	2.1962	1.7577
  E	2.0426	0.6185	1.5131	2.0022	0	2.2111	1.6526	2.222	1.6199	0.4778	0.6435	2.0618	1.6526
  F	3.0048	0.8954	2.0106	2.3522	2.2111	0	2.1179	4.1455	2.1401	0.5823	0.8405	2.7005	2.1179
  G	1.9547	0.6205	1.4346	1.7577	1.6526	2.1179	0	2.1263	1.5457	0.4426	0.6103	1.9725	1.6186
  H	2.9369	0.862	2.0165	2.3646	2.222	4.1455	2.1263	0	2.1488	0.5779	0.8344	2.7188	2.1263
  I	1.9761	0.6497	1.4577	1.7332	1.6199	2.1401	1.5457	2.1488	0	0.4525	0.614	1.9938	1.5457
  J	0.5348	0.3466	0.4304	0.5842	0.4778	0.5823	0.4426	0.5779	0.4525	0	0.2049	0.7145	0.4426
  K	0.7775	0.3358	0.5758	0.6927	0.6435	0.8405	0.6103	0.8344	0.614	0.2049	0	0.7814	0.6103
  L	2.5048	0.7379	1.878	2.1962	2.0618	2.7005	1.9725	2.7188	1.9938	0.7145	0.7814	0	1.9725
  M	1.9547	0.6205	1.4346	1.7577	1.6526	2.1179	1.6186	2.1263	1.5457	0.4426	0.6103	1.9725	0

Actual rates from j->i (Q_ij):
	A	B	C	D	E	F	G	H	I	J	K	L	M
  A	0	0.0433	0.1049	0.1228	0.1153	0.1696	0.1103	0.1657	0.1115	0.0302	0.0439	0.1414	0.1103
  B	0.0828	0	0.063	0.0711	0.0668	0.0967	0.067	0.0931	0.0701	0.0374	0.0363	0.0797	0.067
  C	0.1326	0.0416	0	0.1157	0.1079	0.1434	0.1023	0.1438	0.104	0.0307	0.0411	0.134	0.1023
  D	0.1315	0.0398	0.0981	0	0.121	0.1422	0.1062	0.1429	0.1048	0.0353	0.0419	0.1327	0.1062
  E	0.1325	0.0401	0.0981	0.1298	0	0.1434	0.1072	0.1441	0.105	0.031	0.0417	0.1337	0.1072
  F	0.1562	0.0465	0.1045	0.1222	0.1149	0	0.1101	0.2154	0.1112	0.0303	0.0437	0.1403	0.1101
  G	0.1332	0.0423	0.0978	0.1198	0.1126	0.1444	0	0.1449	0.1054	0.0302	0.0416	0.1344	0.1103
  H	0.155	0.0455	0.1064	0.1248	0.1172	0.2187	0.1122	0	0.1134	0.0305	0.044	0.1435	0.1122
  I	0.1335	0.0439	0.0985	0.1171	0.1095	0.1446	0.1045	0.1452	0	0.0306	0.0415	0.1347	0.1045
  J	0.084	0.0545	0.0677	0.0918	0.0751	0.0915	0.0696	0.0908	0.0711	0	0.0322	0.1123	0.0696
  K	0.0918	0.0397	0.068	0.0818	0.076	0.0993	0.0721	0.0985	0.0725	0.0242	0	0.0923	0.0721
  L	0.138	0.0407	0.1035	0.121	0.1136	0.1488	0.1087	0.1498	0.1099	0.0394	0.0431	0	0.1087
  M	0.1332	0.0423	0.0978	0.1198	0.1126	0.1444	0.1103	0.1449	0.1054	0.0302	0.0416	0.1344	0

